0111111001100000001110000000111000000011000000110111111011000000100
0000011000100111001011010110100101101001011110011111000110110001001
0011111100010001001100010010011101111100010000001100000010000000010
0000111000000011000000010000000100000111000111000011000011100000000
0000110000111100011001010100011111000111100001101000010100001101001
1111111111000001010000010111111101100000001000000010000000110000010
1111110010000100100001001011110011111000100011001000011010000011100
1111111110000001100000011001111111110000010000000100000001000000010
1111110010000100110011000111100001001100010001110100000101000000100
1111111110000001100000111011111011100000100000001100000001000000010
1111111110000001100000111111111010000000100000001000000010000000010
0110011001101110111010111010100110111001100100011000000010000000001
1111110010000000100000001110000000111100000001110000000111111111000
1000000011000000010000000110000000110000000110000000111000000011000
1111111100010000000100000001000000010000000100000001000000011000000
1000011110111100111000001100000011110000110111000100011101000001000
1111111010000001100000011000000110000001100000011100000101111110000
1000000010000001100001111111110101000001010000010100000100000001000
1111111110000001100001111111110011111000110011110100111111111000000
1000000110000011100000101000011011001100010110000101000001110000000
1100000101000011011001100011110000011000001110001110110010000100000
0000111000011010001100110010000111111111010000011100000110000000000
1111111010000000100000001111111110000000100000001000000010000000000
0011000001100000110000001000010011111111000001000000010000000100000
1111110010000111100000011000000110000001100000111000111011111000000
1111100010001000100100001111000011110000100110001000111010000011100
1111111110000101000001010000010100000111000001000000010000000100010
1111100010001000100110001011000010110000100110001000110010000011100
0011011000110111011111010101100111011001100100011000000100000001001
0000000100100001011000110111001001010110110101001001110010011000000
